127
[0.0, 656.2, 1556.3, 1352.8, 1660.9, 991.1, 418.2, 1874.0, 1396.8, 1233.1, 1276.0, 1044.0, 844.5, 883.4, 836.5, 259.4, 1476.4, 2132.6, 1611.5, 1148.3, 1560.6, 1416.0, 1401.6, 1249.4, 3321.7, 2284.9, 1774.5, 3764.2, 3792.7, 1453.5, 1628.1, 4114.3, 3528.0, 1888.3, 1165.8, 1037.5, 883.4, 2320.0, 2132.6, 1724.5, 1069.5, 2320.0, 1648.7, 2167.1, 2498.7, 4153.4, 3268.6, 3535.6, 3603.5, 1050.4, 1069.5, 2091.2, 3411.7, 2065.3, 3266.6, 1982.2, 1640.5, 2624.8, 3235.5, 2678.1, 2698.1, 2865.0, 9304.6, 2708.0, 5833.5, 3395.8, 2678.1, 3603.5, 5020.3, 4537.4, 4158.2, 1870.4, 2805.7, 2737.7, 4547.7, 3507.0, 2391.4, 3382.0, 2311.3, 2479.8, 4916.0, 6808.5, 6827.3, 4697.6, 7345.6, 7489.0, 7446.6, 7631.4, 6089.7, 2348.8, 2705.6, 6406.3, 4778.6, 4518.0, 4277.9, 6705.0, 5926.2, 12003.6, 7540.0, 2138.9, 11020.6, 10722.9, 2645.2, 7007.2, 591.5, 883.4, 9753.0, 1094.3, 6433.6, 5852.0, 6564.0, 6149.1, 3899.4, 812.0, 1100.5, 2422.2, 4111.1, 3642.5, 8622.3, 820.2, 1556.3, 3640.6, 4721.9, 2346.0, 5096.1, 5911.4, 6612.0]
[656.2, 0.0, 1870.4, 1995.7, 1165.8, 1611.5, 844.5, 2490.6, 1944.5, 1357.7, 1800.8, 1577.8, 778.2, 1281.3, 1485.5, 624.7, 2132.6, 2788.8, 2252.3, 1804.5, 2216.2, 2065.3, 2029.2, 1870.4, 3601.6, 2593.8, 2207.1, 3945.7, 4079.8, 1755.4, 2116.8, 4417.1, 3778.5, 1972.0, 906.0, 1037.5, 883.4, 2498.7, 2231.3, 1560.6, 1296.9, 2320.0, 1712.7, 1628.1, 1913.1, 3507.0, 2650.3, 2881.4, 2964.2, 676.4, 418.2, 1660.9, 2767.0, 1416.0, 2786.4, 1411.2, 984.3, 2705.6, 3612.8, 3036.0, 2982.4, 3185.3, 9953.0, 2767.0, 5559.5, 3044.9, 3274.8, 4247.9, 5674.5, 5179.9, 4772.9, 2509.5, 3443.1, 3387.9, 5199.3, 4153.4, 3044.9, 3994.8, 2909.3, 3044.9, 5514.6, 7377.6, 7373.1, 5300.6, 7923.7, 8070.1, 8037.6, 8228.6, 6072.0, 2690.6, 2934.6, 6406.3, 4292.0, 3863.0, 3964.4, 7341.1, 5908.0, 11976.7, 7475.5, 2188.7, 11489.3, 11237.6, 2100.8, 7315.4, 1194.3, 1512.5, 9131.6, 1740.0, 7056.0, 6422.0, 5908.0, 5502.4, 3787.4, 1357.7, 997.9, 2793.6, 4697.6, 2993.6, 9277.8, 1050.4, 956.6, 3856.0, 4571.3, 1859.6, 5179.9, 6492.9, 6165.5]
[1556.3, 1870.4, 0.0, 1411.2, 1972.0, 1142.5, 1142.5, 1434.8, 812.0, 624.7, 705.6, 2228.3, 1165.8, 2302.5, 1352.8, 1815.7, 1774.5, 2207.1, 1508.0, 1615.7, 1755.4, 1525.7, 1281.3, 1183.0, 4640.0, 3624.0, 2993.6, 5173.4, 5084.2, 2872.0, 2767.0, 5373.7, 4873.4, 3411.7, 2678.1, 2593.8, 2438.8, 3776.7, 3642.5, 3274.8, 2575.6, 3861.2, 3185.3, 3481.9, 3719.2, 4666.0, 3642.5, 4203.3, 4086.4, 1547.6, 2091.2, 2052.2, 3959.3, 3071.3, 3088.7, 2388.6, 2593.8, 1249.4, 1743.9, 1165.8, 1142.5, 1322.6, 9182.3, 1357.7, 4884.4, 2824.8, 1902.5, 3123.4, 4635.6, 3967.8, 3364.0, 1640.5, 2334.5, 2458.0, 4512.1, 3642.5, 2554.6, 3829.8, 2982.4, 3266.6, 5341.0, 7311.7, 7427.6, 5109.3, 6279.0, 6433.6, 6434.6, 6647.5, 4697.6, 820.2, 1160.0, 4989.3, 6152.4, 5291.7, 5800.0, 5992.8, 7447.5, 13515.9, 6187.3, 928.0, 11812.7, 11373.3, 3944.0, 5466.8, 1148.3, 1194.3, 10753.0, 1357.7, 5616.1, 4772.9, 7175.1, 6580.4, 2730.3, 906.0, 1100.5, 928.0, 4645.8, 4217.7, 8190.1, 820.2, 2200.9, 5020.3, 6277.9, 2380.1, 3612.8, 6384.2, 8034.2]
[1352.8, 1995.7, 1411.2, 0.0, 2767.0, 418.2, 1233.1, 580.0, 624.7, 1660.9, 705.6, 1211.1, 1770.7, 1512.5, 518.8, 1508.0, 366.8, 883.4, 259.4, 366.8, 348.0, 116.0, 164.0, 232.0, 3448.9, 2509.5, 1834.1, 4060.0, 3856.0, 1944.5, 1577.8, 4114.3, 3699.3, 2617.1, 2391.4, 2100.8, 2002.5, 2803.3, 2788.8, 2786.4, 1859.6, 3095.3, 2460.7, 3489.7, 3840.3, 5423.5, 4477.7, 4840.1, 4856.8, 2157.7, 2391.4, 3062.5, 4681.9, 3411.7, 4222.5, 3155.5, 2971.0, 2645.2, 2482.5, 2052.2, 2252.3, 2302.5, 8078.5, 2757.3, 6290.8, 4119.2, 1396.8, 2252.3, 3692.0, 3185.3, 2824.8, 518.8, 1453.5, 1396.8, 3323.8, 2348.8, 1211.1, 2438.8, 1577.8, 1874.0, 3971.2, 5934.2, 6032.0, 3740.9, 6052.0, 6190.5, 6134.9, 6311.1, 6018.6, 1834.1, 2388.6, 6287.6, 6028.7, 5852.0, 5341.0, 5352.4, 6489.8, 12487.1, 7522.1, 2331.6, 10402.6, 9976.7, 3964.4, 6230.6, 820.2, 492.1, 11102.7, 259.4, 5088.2, 4577.2, 7876.0, 7411.3, 4140.4, 778.2, 1920.1, 1812.0, 3248.0, 4924.2, 7300.6, 1401.6, 2793.6, 3876.9, 5545.0, 3372.0, 4858.2, 5009.5, 7803.1]
[1660.9, 1165.8, 1972.0, 2767.0, 0.0, 2348.8, 1556.3, 3121.2, 2460.7, 1352.8, 2296.7, 2690.6, 997.9, 2436.0, 2334.5, 1743.9, 3009.3, 3640.6, 2993.6, 2698.1, 3064.7, 2865.0, 2737.7, 2575.6, 4756.0, 3757.0, 3364.0, 5064.3, 5234.2, 2920.8, 3256.3, 5574.0, 4924.2, 3082.2, 1920.1, 2167.1, 2025.9, 3633.2, 3339.9, 2546.7, 2460.7, 3372.0, 2824.8, 2029.2, 2091.2, 2718.0, 1724.5, 2231.3, 2138.9, 624.7, 883.4, 518.8, 1995.7, 1322.6, 1624.0, 418.2, 935.2, 2216.2, 3573.5, 3011.5, 2822.4, 3071.3, 10845.2, 2231.3, 4462.6, 1920.1, 3787.4, 4924.2, 6416.8, 5824.3, 5290.4, 3225.1, 4104.5, 4130.6, 6087.5, 5084.2, 3944.0, 5025.6, 3967.8, 4140.4, 6567.1, 8468.8, 8487.0, 6346.2, 8249.1, 8404.2, 8406.6, 8619.2, 5245.7, 2678.1, 2678.1, 5598.1, 4558.1, 3321.7, 4600.7, 7916.9, 6867.6, 12890.6, 6570.1, 1740.0, 12646.1, 12374.5, 2391.4, 6994.7, 1972.0, 2287.9, 8803.8, 2546.7, 7564.9, 6744.0, 5220.0, 4676.1, 2900.0, 1995.7, 906.0, 2824.8, 5768.6, 2252.3, 10019.1, 1396.8, 418.2, 4989.3, 5413.6, 696.0, 4524.0, 7569.4, 6471.1]
[991.1, 1611.5, 1142.5, 418.2, 2348.8, 0.0, 820.2, 883.4, 518.8, 1281.3, 492.1, 1160.0, 1352.8, 1357.7, 259.4, 1183.0, 705.6, 1296.9, 656.2, 478.3, 733.6, 518.8, 418.2, 259.4, 3535.6, 2544.1, 1888.3, 4104.5, 3967.8, 1870.4, 1648.7, 4247.9, 3776.7, 2498.7, 2100.8, 1859.6, 1740.0, 2767.0, 2698.1, 2562.5, 1689.0, 2973.3, 2311.3, 3155.5, 3489.7, 5009.5, 4060.0, 4432.4, 4441.5, 1740.0, 1995.7, 2650.3, 4268.4, 3024.9, 3815.7, 2737.7, 2575.6, 2391.4, 2490.6, 1995.7, 2132.6, 2228.3, 8496.6, 2498.7, 5971.5, 3740.9, 1689.0, 2645.2, 4101.2, 3573.5, 3168.3, 906.0, 1834.1, 1804.5, 3740.9, 2757.3, 1615.7, 2805.7, 1870.4, 2138.9, 4348.1, 6302.5, 6384.2, 4119.2, 6358.9, 6501.2, 6456.5, 6640.4, 5828.9, 1724.5, 2228.3, 6112.9, 5741.7, 5453.2, 5136.8, 5730.0, 6468.0, 12504.9, 7323.6, 2025.9, 10722.9, 10324.7, 3633.2, 6279.0, 418.2, 116.0, 10738.6, 232.0, 5447.1, 4869.2, 7468.3, 6995.7, 3856.0, 366.8, 1508.0, 1740.0, 3603.5, 4512.1, 7710.3, 991.1, 2380.1, 3937.2, 5431.0, 2957.4, 4710.5, 5381.2, 7548.0]
[418.2, 844.5, 1142.5, 1233.1, 1556.3, 820.2, 0.0, 1673.0, 1100.5, 836.5, 956.6, 1322.6, 591.5, 1254.7, 778.2, 676.4, 1453.5, 2091.2, 1476.4, 1142.5, 1512.5, 1322.6, 1233.1, 1069.5, 3684.7, 2647.7, 2091.2, 4153.4, 4150.1, 1834.1, 1913.1, 4464.1, 3899.4, 2302.5, 1547.6, 1453.5, 1296.9, 2718.0, 2544.1, 2132.6, 1476.4, 2737.7, 2065.3, 2460.7, 2757.3, 4190.5, 3250.1, 3612.8, 3624.0, 935.2, 1194.3, 1913.1, 3448.9, 2231.3, 3095.3, 1930.6, 1770.7, 2216.2, 2843.8, 2279.0, 2284.9, 2458.0, 9298.1, 2302.5, 5514.6, 3134.1, 2438.8, 3460.6, 4921.5, 4385.0, 3944.0, 1724.5, 2645.2, 2624.8, 4537.4, 3528.0, 2388.6, 3489.7, 2460.7, 2670.5, 5036.3, 6961.9, 7007.2, 4812.3, 7079.8, 7226.5, 7195.7, 7388.6, 5688.7, 1944.5, 2287.9, 6001.8, 5109.3, 4640.0, 4670.4, 6531.1, 6341.9, 12418.5, 7147.0, 1740.0, 11261.6, 10926.2, 2936.9, 6602.8, 418.2, 742.8, 9965.2, 997.9, 6230.6, 5577.7, 6648.5, 6178.6, 3528.0, 518.8, 812.0, 2025.9, 4254.2, 3692.0, 8530.5, 418.2, 1560.6, 4021.7, 5138.2, 2200.9, 4681.9, 6052.0, 6963.9]
[1874.0, 2490.6, 1434.8, 580.0, 3121.2, 883.4, 1673.0, 0.0, 676.4, 1870.4, 836.5, 1774.5, 2132.6, 2091.2, 1069.5, 2055.5, 778.2, 844.5, 366.8, 935.2, 676.4, 591.5, 478.3, 624.7, 3897.7, 3009.3, 2334.5, 4537.4, 4277.9, 2504.1, 2075.1, 4512.1, 4153.4, 3185.3, 2957.4, 2678.1, 2575.6, 3339.9, 3348.0, 3366.0, 2438.8, 3662.7, 3036.0, 4035.1, 4372.8, 5824.3, 4845.7, 5272.6, 5249.6, 2544.1, 2865.0, 3346.0, 5088.2, 3899.4, 4462.6, 3528.0, 3443.1, 2554.6, 2052.2, 1712.7, 1982.2, 1972.0, 7785.8, 2670.5, 6264.0, 4255.8, 820.2, 1804.5, 3297.3, 2718.0, 2284.9, 259.4, 984.3, 1037.5, 3082.2, 2216.2, 1183.0, 2479.8, 1834.1, 2157.7, 3945.7, 5917.1, 6059.8, 3713.8, 5486.4, 5626.9, 5577.7, 5759.3, 5773.3, 1577.8, 2167.1, 6019.7, 6598.8, 6311.1, 5920.5, 4858.2, 7003.4, 12965.6, 7281.3, 2346.0, 10489.5, 10000.2, 4512.1, 5730.0, 1296.9, 991.1, 11620.9, 820.2, 4565.5, 4004.9, 8304.3, 7796.2, 4066.6, 1160.0, 2228.3, 1508.0, 3299.4, 5337.3, 6897.9, 1724.5, 3208.4, 4343.4, 6105.2, 3668.2, 4565.5, 4989.3, 8380.9]
[1396.8, 1944.5, 812.0, 624.7, 2460.7, 518.8, 1100.5, 676.4, 0.0, 1194.3, 164.0, 1673.0, 1485.5, 1874.0, 778.2, 1624.0, 991.1, 1396.8, 696.0, 906.0, 956.6, 733.6, 478.3, 418.2, 4020.0, 3044.9, 2380.1, 4605.1, 4441.5, 2388.6, 2132.6, 4710.5, 4265.3, 3016.0, 2552.0, 2346.0, 2216.2, 3283.0, 3216.8, 3051.5, 2200.9, 3489.7, 2824.8, 3548.9, 3856.0, 5173.4, 4184.0, 4640.0, 4596.3, 1902.5, 2284.9, 2670.5, 4441.5, 3321.7, 3787.4, 2872.0, 2853.2, 2025.9, 1972.0, 1485.5, 1648.7, 1724.5, 8461.6, 2138.9, 5694.6, 3601.6, 1352.8, 2466.2, 3967.8, 3364.0, 2865.0, 844.5, 1648.7, 1712.7, 3748.1, 2843.8, 1743.9, 3018.2, 2200.9, 2498.7, 4529.9, 6500.1, 6616.1, 4298.3, 5979.3, 6126.1, 6096.3, 6290.8, 5397.4, 1233.1, 1770.7, 5669.8, 6175.3, 5694.6, 5626.9, 5475.4, 6984.1, 13015.3, 6899.8, 1740.0, 11007.8, 10561.7, 4026.7, 5760.4, 812.0, 624.7, 11059.6, 656.2, 5152.5, 4477.7, 7663.9, 7136.6, 3528.0, 591.5, 1560.6, 1233.1, 3835.0, 4693.3, 7562.3, 1069.5, 2575.6, 4432.4, 5946.6, 2993.6, 4247.9, 5572.8, 8004.8]
[1233.1, 1357.7, 624.7, 1660.9, 1352.8, 1281.3, 836.5, 1870.4, 1194.3, 0.0, 1037.5, 2132.6, 591.5, 2091.2, 1396.8, 1476.4, 1985.6, 2533.5, 1834.1, 1740.0, 2002.5, 1774.5, 1577.8, 1434.8, 4518.0, 3481.9, 2909.3, 4989.3, 4981.3, 2670.5, 2715.5, 5291.7, 4734.7, 3116.9, 2231.3, 2228.3, 2065.3, 3550.8, 3364.0, 2865.0, 2302.5, 3535.6, 2872.0, 2920.8, 3132.0, 4060.0, 3044.9, 3582.9, 3480.0, 935.2, 1512.5, 1485.5, 3346.0, 2460.7, 2593.8, 1770.7, 1985.6, 1396.8, 2322.9, 1743.9, 1640.5, 1859.6, 9655.9, 1476.4, 4731.9, 2460.7, 2460.7, 3642.5, 5151.2, 4518.0, 3950.8, 2025.9, 2831.9, 2907.0, 4935.1, 3999.9, 2869.7, 4086.4, 3134.1, 3382.0, 5626.9, 7583.6, 7663.9, 5397.4, 6902.7, 7057.0, 7056.0, 7267.4, 4856.8, 1396.8, 1577.8, 5173.4, 5587.3, 4668.9, 5322.1, 6580.4, 7147.9, 13226.5, 6311.1, 906.0, 11984.0, 11602.3, 3372.0, 5964.7, 1069.5, 1276.0, 10128.6, 1512.5, 6217.6, 5396.2, 6567.1, 5992.8, 2698.1, 928.0, 478.3, 1525.7, 4884.4, 3603.5, 8733.2, 418.2, 1577.8, 4858.2, 5889.8, 1812.0, 3876.9, 6661.7, 7481.8]
[1276.0, 1800.8, 705.6, 705.6, 2296.7, 492.1, 956.6, 836.5, 164.0, 1037.5, 0.0, 1648.7, 1322.6, 1815.7, 742.8, 1512.5, 1069.5, 1525.7, 820.2, 935.2, 1050.4, 820.2, 580.0, 478.3, 4026.7, 3036.0, 2380.1, 4596.3, 4456.6, 2348.8, 2138.9, 4733.3, 4268.4, 2957.4, 2438.8, 2252.3, 2116.8, 3250.1, 3166.2, 2957.4, 2132.6, 3427.4, 2757.3, 3413.6, 3713.8, 5009.5, 4020.0, 4477.7, 4432.4, 1740.0, 2132.6, 2509.5, 4277.9, 3168.3, 3631.4, 2708.0, 2698.1, 1944.5, 2025.9, 1512.5, 1640.5, 1740.0, 8619.2, 2055.5, 5587.3, 3460.6, 1512.5, 2629.9, 4130.6, 3528.0, 3024.9, 991.1, 1812.0, 1870.4, 3899.4, 2982.4, 1870.4, 3132.0, 2279.0, 2567.8, 4653.0, 6621.2, 6729.0, 4421.7, 6126.1, 6273.7, 6246.8, 6443.0, 5352.4, 1233.1, 1740.0, 5631.7, 6049.8, 5534.1, 5530.4, 5637.6, 6949.4, 12992.5, 6850.9, 1628.1, 11107.6, 10674.5, 3890.8, 5818.5, 705.6, 580.0, 10906.5, 676.4, 5312.0, 4622.6, 7500.6, 6972.6, 3435.2, 464.0, 1396.8, 1254.7, 3945.7, 4529.9, 7726.0, 906.0, 2413.8, 4429.3, 5880.6, 2831.9, 4222.5, 5694.6, 7888.0]
[1044.0, 1577.8, 2228.3, 1211.1, 2690.6, 1160.0, 1322.6, 1774.5, 1673.0, 2132.6, 1648.7, 0.0, 1870.4, 418.2, 906.0, 956.6, 1044.0, 1577.8, 1411.2, 844.5, 1160.0, 1183.0, 1357.7, 1296.9, 2413.8, 1396.8, 778.2, 2952.9, 2865.0, 733.6, 591.5, 3166.2, 2645.2, 1411.2, 1485.5, 1094.3, 1069.5, 1611.5, 1577.8, 1689.0, 733.6, 1888.3, 1276.0, 2645.2, 3044.9, 5036.3, 4222.5, 4377.4, 4513.6, 2091.2, 1982.2, 3134.1, 4306.1, 2831.9, 4306.1, 2982.4, 2490.6, 3443.1, 3640.6, 3155.5, 3285.1, 3387.9, 8480.7, 3541.3, 6837.1, 4432.4, 2562.5, 3155.5, 4417.1, 4073.2, 3871.7, 1628.1, 2460.7, 2279.0, 3776.7, 2708.0, 1712.7, 2447.0, 1352.8, 1467.3, 3945.7, 5800.0, 5801.2, 3735.5, 7136.6, 7267.4, 7190.1, 7348.4, 6918.3, 2881.4, 3364.0, 7215.3, 4989.3, 5272.6, 4177.6, 6246.8, 5312.0, 11344.9, 8398.6, 3009.3, 9976.7, 9684.4, 3088.7, 7418.6, 1094.3, 1069.5, 10267.1, 1037.5, 6055.4, 5694.6, 7355.7, 7022.6, 4829.0, 1322.6, 2116.8, 2900.0, 3123.4, 4518.0, 7957.6, 1724.5, 2533.5, 2793.6, 4334.1, 3382.0, 5838.2, 4916.0, 6693.9]
[844.5, 778.2, 1165.8, 1770.7, 997.9, 1352.8, 591.5, 2132.6, 1485.5, 591.5, 1322.6, 1870.4, 0.0, 1724.5, 1357.7, 1037.5, 2025.9, 2647.7, 1995.7, 1724.5, 2075.1, 1870.4, 1740.0, 1577.8, 4158.2, 3123.4, 2617.1, 4575.8, 4631.3, 2284.9, 2460.7, 4955.5, 4358.9, 2645.2, 1673.0, 1724.5, 1560.6, 3123.4, 2900.0, 2320.0, 1870.4, 3036.0, 2391.4, 2331.6, 2554.6, 3692.0, 2718.0, 3155.5, 3116.9, 418.2, 928.0, 1322.6, 2957.4, 1913.1, 2504.1, 1396.8, 1434.8, 1930.6, 2900.0, 2320.0, 2231.3, 2447.0, 9849.1, 1995.7, 4989.3, 2562.5, 2831.9, 3937.2, 5423.5, 4845.7, 4343.4, 2228.3, 3116.9, 3134.1, 5093.4, 4099.6, 2957.4, 4079.8, 3051.5, 3256.3, 5626.9, 7553.4, 7596.9, 5402.4, 7388.6, 7540.0, 7526.6, 7730.3, 5332.2, 1972.0, 2167.1, 5660.3, 5000.1, 4217.7, 4739.0, 6960.0, 6644.5, 12720.4, 6757.9, 1416.0, 11837.1, 11512.7, 2786.4, 6555.8, 991.1, 1296.9, 9628.7, 1556.3, 6628.3, 5880.6, 6178.6, 5665.0, 3088.7, 997.9, 259.4, 2091.2, 4845.7, 3208.4, 9028.6, 418.2, 1094.3, 4462.6, 5341.0, 1615.7, 4409.5, 6643.5, 6892.0]
[883.4, 1281.3, 2302.5, 1512.5, 2436.0, 1357.7, 1254.7, 2091.2, 1874.0, 2091.2, 1815.7, 418.2, 1724.5, 0.0, 1100.5, 705.6, 1411.2, 1982.2, 1740.0, 1160.0, 1525.7, 1508.0, 1640.5, 1547.6, 2438.8, 1401.6, 928.0, 2900.0, 2909.3, 580.0, 844.5, 3231.4, 2647.7, 1142.5, 1069.5, 676.4, 656.2, 1476.4, 1352.8, 1296.9, 348.0, 1615.7, 956.6, 2228.3, 2629.9, 4668.9, 3889.0, 3999.9, 4158.2, 1870.4, 1660.9, 2909.3, 3945.7, 2447.0, 4060.0, 2690.6, 2132.6, 3460.6, 3840.3, 3323.8, 3411.7, 3541.3, 8882.9, 3550.8, 6713.0, 4254.2, 2900.0, 3558.4, 4834.6, 4480.7, 4254.2, 1975.4, 2843.8, 2678.1, 4190.5, 3121.2, 2129.5, 2831.9, 1740.0, 1815.7, 4306.1, 6126.1, 6105.2, 4101.2, 7514.1, 7647.2, 7575.6, 7738.2, 6938.7, 3024.9, 3460.6, 7247.9, 4589.0, 4873.4, 3829.8, 6656.6, 5151.2, 11214.3, 8401.0, 2993.6, 10210.6, 9957.8, 2670.5, 7632.2, 1160.0, 1249.4, 9849.1, 1296.9, 6456.5, 6059.8, 6960.0, 6647.5, 4777.2, 1416.0, 1982.2, 3064.7, 3476.1, 4150.1, 8375.3, 1673.0, 2231.3, 2767.0, 4073.2, 3132.0, 5905.8, 5256.0, 6316.4]
[836.5, 1485.5, 1352.8, 518.8, 2334.5, 259.4, 778.2, 1069.5, 778.2, 1396.8, 742.8, 906.0, 1357.7, 1100.5, 0.0, 991.1, 676.4, 1322.6, 778.2, 366.8, 742.8, 580.0, 591.5, 464.0, 3297.3, 2296.7, 1648.7, 3856.0, 3735.5, 1611.5, 1416.0, 4021.7, 3535.6, 2240.3, 1888.3, 1624.0, 1512.5, 2509.5, 2438.8, 2322.9, 1434.8, 2715.5, 2055.5, 2973.3, 3321.7, 4946.0, 4021.7, 4348.1, 4385.0, 1712.7, 1888.3, 2678.1, 4203.3, 2900.0, 3856.0, 2705.6, 2466.2, 2593.8, 2750.0, 2252.3, 2380.1, 2482.5, 8525.8, 2698.1, 6121.7, 3835.0, 1888.3, 2767.0, 4190.5, 3701.1, 3339.9, 1037.5, 1972.0, 1902.5, 3764.2, 2750.0, 1611.5, 2730.3, 1740.0, 1985.6, 4277.9, 6217.6, 6281.2, 4051.7, 6555.8, 6695.9, 6644.5, 6823.3, 6049.8, 1975.4, 2466.2, 6338.7, 5530.4, 5347.3, 4894.0, 5870.3, 6210.1, 12250.0, 7540.0, 2200.9, 10587.2, 10213.9, 3448.9, 6538.3, 366.8, 164.0, 10584.0, 259.4, 5606.5, 5073.6, 7382.2, 6938.7, 4035.1, 478.3, 1547.6, 1995.7, 3510.8, 4441.5, 7796.2, 1050.4, 2320.0, 3692.0, 5173.4, 2973.3, 4946.0, 5301.8, 7322.7]
[259.4, 624.7, 1815.7, 1508.0, 1743.9, 1183.0, 676.4, 2055.5, 1624.0, 1476.4, 1512.5, 956.6, 1037.5, 705.6, 991.1, 0.0, 1577.8, 2228.3, 1766.9, 1254.7, 1673.0, 1556.3, 1577.8, 1434.8, 3123.4, 2091.2, 1628.1, 3541.3, 3597.9, 1249.4, 1512.5, 3925.2, 3321.7, 1640.5, 928.0, 778.2, 624.7, 2091.2, 1888.3, 1467.3, 836.5, 2065.3, 1396.8, 1982.2, 2334.5, 4119.2, 3274.8, 3480.0, 3582.9, 1165.8, 1037.5, 2207.1, 3382.0, 1968.6, 3366.0, 2025.9, 1577.8, 2872.0, 3489.7, 2934.6, 2957.4, 3123.4, 9350.1, 2952.9, 6016.4, 3548.9, 2869.7, 3740.9, 5127.7, 4676.1, 4331.0, 2025.9, 2957.4, 2865.0, 4605.1, 3550.8, 2460.7, 3372.0, 2284.9, 2422.2, 4889.9, 6755.9, 6756.9, 4676.1, 7540.0, 7681.4, 7633.1, 7813.4, 6329.2, 2606.8, 2964.2, 6648.5, 4561.0, 4429.3, 4026.7, 6850.9, 5674.5, 11752.7, 7772.9, 2380.1, 10904.6, 10632.8, 2458.0, 7264.6, 812.0, 1069.5, 9600.7, 1249.4, 6595.7, 6052.0, 6492.9, 6112.9, 4119.2, 1050.4, 1296.9, 2678.1, 4073.2, 3603.5, 8719.3, 1069.5, 1577.8, 3425.4, 4462.6, 2438.8, 5347.3, 5869.2, 6381.1]
[1476.4, 2132.6, 1774.5, 366.8, 3009.3, 705.6, 1453.5, 778.2, 991.1, 1985.6, 1069.5, 1044.0, 2025.9, 1411.2, 676.4, 1577.8, 0.0, 656.2, 418.2, 328.1, 116.0, 259.4, 518.8, 591.5, 3134.1, 2231.3, 1556.3, 3764.2, 3528.0, 1755.4, 1296.9, 3776.7, 3387.9, 2447.0, 2391.4, 2055.5, 1982.2, 2567.8, 2593.8, 2708.0, 1755.4, 2920.8, 2320.0, 3528.0, 3899.4, 5616.1, 4697.6, 5009.5, 5057.7, 2388.6, 2544.1, 3339.9, 4873.4, 3535.6, 4512.1, 3382.0, 3116.9, 3011.5, 2793.6, 2391.4, 2606.8, 2645.2, 7850.4, 3123.4, 6648.5, 4446.0, 1525.7, 2179.4, 3550.8, 3112.6, 2843.8, 591.5, 1434.8, 1296.9, 3088.7, 2075.1, 935.2, 2100.8, 1211.1, 1508.0, 3642.5, 5598.1, 5685.2, 3413.6, 6103.0, 6236.0, 6165.5, 6330.2, 6381.1, 2188.7, 2750.0, 6647.5, 5992.8, 5992.8, 5221.3, 5291.7, 6225.2, 12193.8, 7885.4, 2690.6, 10043.2, 9628.0, 3994.8, 6505.3, 1037.5, 733.6, 11165.6, 478.3, 5064.3, 4653.0, 8040.1, 7610.2, 4504.6, 1069.5, 2200.9, 2157.7, 2902.3, 5109.3, 7147.9, 1689.0, 2993.6, 3573.5, 5347.3, 3640.6, 5213.6, 4676.1, 7726.9]
[2132.6, 2788.8, 2207.1, 883.4, 3640.6, 1296.9, 2091.2, 844.5, 1396.8, 2533.5, 1525.7, 1577.8, 2647.7, 1982.2, 1322.6, 2228.3, 656.2, 0.0, 705.6, 984.3, 580.0, 778.2, 956.6, 1100.5, 3268.6, 2504.1, 1870.4, 3945.7, 3603.5, 2216.2, 1628.1, 3805.1, 3528.0, 2909.3, 3009.3, 2650.3, 2593.8, 2920.8, 3016.0, 3266.6, 2311.3, 3366.0, 2822.4, 4158.2, 4537.4, 6268.3, 5341.0, 5665.0, 5707.6, 3024.9, 3200.0, 3945.7, 5525.5, 4190.5, 5105.3, 4021.7, 3773.1, 3382.0, 2831.9, 2544.1, 2824.8, 2803.3, 7207.0, 3497.4, 7079.8, 4982.6, 1254.7, 1577.8, 2900.0, 2498.7, 2322.9, 591.5, 935.2, 705.6, 2447.0, 1467.3, 348.0, 1640.5, 1069.5, 1396.8, 3134.1, 5105.3, 5231.6, 2902.3, 5587.3, 5713.5, 5626.9, 5779.1, 6613.0, 2422.2, 3011.5, 6854.8, 6567.1, 6648.5, 5713.5, 4676.1, 6462.8, 12334.2, 8120.8, 3134.1, 9649.6, 9175.7, 4619.7, 6380.0, 1673.0, 1352.8, 11798.4, 1094.3, 4477.7, 4177.6, 8696.1, 8261.3, 4894.0, 1660.9, 2803.3, 2348.8, 2460.7, 5762.8, 6492.9, 2284.9, 3642.5, 3735.5, 5726.5, 4254.2, 5396.2, 4177.6, 8258.8]
[1611.5, 2252.3, 1508.0, 259.4, 2993.6, 656.2, 1476.4, 366.8, 696.0, 1834.1, 820.2, 1411.2, 1995.7, 1740.0, 778.2, 1766.9, 418.2, 705.6, 0.0, 580.0, 328.1, 232.0, 259.4, 418.2, 3550.8, 2647.7, 1972.0, 4182.4, 3940.6, 2138.9, 1712.7, 4184.0, 3805.1, 2822.4, 2645.2, 2346.0, 2252.3, 2973.3, 2982.4, 3024.9, 2088.0, 3299.4, 2678.1, 3748.1, 4099.6, 5665.0, 4710.5, 5088.2, 5096.1, 2391.4, 2645.2, 3268.6, 4924.2, 3668.2, 4417.1, 3387.9, 3225.1, 2708.0, 2380.1, 1995.7, 2231.3, 2252.3, 7858.1, 2822.4, 6389.5, 4277.9, 1160.0, 1995.7, 3445.0, 2927.7, 2567.8, 259.4, 1194.3, 1148.3, 3112.6, 2167.1, 1050.4, 2322.9, 1556.3, 1870.4, 3835.0, 5804.6, 5920.5, 3603.5, 5801.2, 5938.7, 5880.6, 6055.4, 6019.7, 1815.7, 2391.4, 6277.9, 6279.0, 6105.2, 5569.2, 5093.4, 6640.4, 12612.0, 7526.6, 2436.0, 10318.8, 9866.1, 4222.5, 6087.5, 1069.5, 742.8, 11362.1, 518.8, 4829.0, 4331.0, 8124.1, 7649.8, 4216.1, 997.9, 2129.5, 1770.7, 3140.6, 5168.2, 7054.1, 1611.5, 3036.0, 3991.5, 5739.4, 3582.9, 4834.6, 4877.5, 8045.1]
[1148.3, 1804.5, 1615.7, 366.8, 2698.1, 478.3, 1142.5, 935.2, 906.0, 1740.0, 935.2, 844.5, 1724.5, 1160.0, 366.8, 1254.7, 328.1, 984.3, 580.0, 0.0, 418.2, 348.0, 518.8, 492.1, 3116.9, 2157.7, 1485.5, 3713.8, 3535.6, 1577.8, 1233.1, 3805.1, 3364.0, 2252.3, 2091.2, 1774.5, 1689.0, 2438.8, 2422.2, 2447.0, 1508.0, 2730.3, 2100.8, 3216.8, 3582.9, 5290.4, 4377.4, 4681.9, 4733.3, 2075.1, 2216.2, 3044.9, 4547.7, 3208.4, 4222.5, 3064.7, 2788.8, 2865.0, 2831.9, 2380.1, 2554.6, 2624.8, 8172.9, 2973.3, 6447.1, 4190.5, 1740.0, 2490.6, 3876.9, 3425.4, 3123.4, 820.2, 1724.5, 1611.5, 3411.7, 2388.6, 1254.7, 2365.9, 1396.8, 1660.9, 3913.2, 5856.6, 5926.2, 3686.5, 6370.5, 6506.3, 6443.0, 6613.0, 6287.6, 2138.9, 2670.5, 6566.1, 5712.3, 5665.0, 4989.3, 5602.9, 6129.4, 12136.3, 7785.8, 2504.1, 10250.1, 9862.7, 3686.5, 6591.6, 733.6, 464.0, 10850.2, 259.4, 5363.7, 4906.4, 7712.0, 7284.9, 4334.1, 812.0, 1913.1, 2132.6, 3151.3, 4782.8, 7475.5, 1411.2, 2670.5, 3535.6, 5178.6, 3339.9, 5151.2, 4939.2, 7468.3]
[1560.6, 2216.2, 1755.4, 348.0, 3064.7, 733.6, 1512.5, 676.4, 956.6, 2002.5, 1050.4, 1160.0, 2075.1, 1525.7, 742.8, 1673.0, 116.0, 580.0, 328.1, 418.2, 0.0, 232.0, 478.3, 580.0, 3225.1, 2334.5, 1660.9, 3861.2, 3612.8, 1870.4, 1401.6, 3856.0, 3480.0, 2562.5, 2498.7, 2167.1, 2091.2, 2678.1, 2708.0, 2822.4, 1870.4, 3036.0, 2436.0, 3631.4, 3999.9, 5688.7, 4761.7, 5088.2, 5127.7, 2447.0, 2624.8, 3382.0, 4946.0, 3624.0, 4549.2, 3443.1, 3200.0, 2982.4, 2708.0, 2320.0, 2546.7, 2575.6, 7785.8, 3095.3, 6637.4, 4462.6, 1411.2, 2075.1, 3460.6, 3009.3, 2730.3, 478.3, 1322.6, 1194.3, 3024.9, 2025.9, 883.4, 2091.2, 1249.4, 1556.3, 3625.8, 5587.3, 5684.0, 3395.8, 5988.3, 6121.7, 6052.0, 6217.6, 6329.2, 2129.5, 2698.1, 6591.6, 6105.2, 6078.7, 5337.3, 5187.7, 6329.2, 12290.0, 7834.9, 2678.1, 10057.3, 9628.7, 4099.6, 6406.3, 1094.3, 778.2, 11266.9, 518.8, 4955.5, 4537.4, 8120.8, 7681.4, 4482.2, 1100.5, 2240.3, 2091.2, 2900.0, 5183.8, 7061.7, 1724.5, 3062.5, 3668.2, 5460.6, 3686.5, 5152.5, 4663.1, 7841.8]
[1416.0, 2065.3, 1525.7, 116.0, 2865.0, 518.8, 1322.6, 591.5, 733.6, 1774.5, 820.2, 1183.0, 1870.4, 1508.0, 580.0, 1556.3, 259.4, 778.2, 232.0, 348.0, 232.0, 0.0, 259.4, 348.0, 3372.0, 2447.0, 1770.7, 3991.5, 3773.1, 1913.1, 1512.5, 4026.7, 3624.0, 2593.8, 2422.2, 2116.8, 2025.9, 2757.3, 2757.3, 2793.6, 1856.0, 3071.3, 2447.0, 3533.7, 3890.8, 5510.9, 4571.3, 4921.5, 4946.0, 2252.3, 2466.2, 3168.3, 4768.7, 3480.0, 4331.0, 3250.1, 3044.9, 2757.3, 2554.6, 2138.9, 2348.8, 2391.4, 7980.4, 2869.7, 6406.3, 4233.6, 1392.0, 2188.7, 3612.8, 3123.4, 2788.8, 478.3, 1401.6, 1322.6, 3223.0, 2240.3, 1100.5, 2322.9, 1467.3, 1766.9, 3856.0, 5818.5, 5916.0, 3625.8, 6028.7, 6165.5, 6105.2, 6277.9, 6121.7, 1930.6, 2490.6, 6388.4, 6052.0, 5926.2, 5337.3, 5295.5, 6434.6, 12420.7, 7626.1, 2447.0, 10287.4, 9860.7, 4006.6, 6287.6, 906.0, 580.0, 11156.5, 328.1, 5041.7, 4561.0, 7956.8, 7500.6, 4254.2, 883.4, 2025.9, 1902.5, 3132.0, 5009.5, 7220.0, 1508.0, 2881.4, 3805.1, 5514.6, 3476.1, 4955.5, 4894.0, 7814.3]
[1401.6, 2029.2, 1281.3, 164.0, 2737.7, 418.2, 1233.1, 478.3, 478.3, 1577.8, 580.0, 1357.7, 1740.0, 1640.5, 591.5, 1577.8, 518.8, 956.6, 259.4, 518.8, 478.3, 259.4, 0.0, 164.0, 3612.8, 2670.5, 1995.7, 4222.5, 4020.0, 2091.2, 1740.0, 4277.9, 3863.0, 2757.3, 2479.8, 2207.1, 2100.8, 2957.4, 2934.6, 2900.0, 1985.6, 3235.5, 2593.8, 3558.4, 3899.4, 5416.1, 4456.6, 4845.7, 4845.7, 2138.9, 2413.8, 3009.3, 4676.1, 3443.1, 4158.2, 3134.1, 2993.6, 2504.1, 2320.0, 1888.3, 2091.2, 2138.9, 8116.7, 2617.1, 6165.5, 4026.7, 1296.9, 2228.3, 3692.0, 3155.5, 2757.3, 492.1, 1416.0, 1396.8, 3372.0, 2422.2, 1296.9, 2552.0, 1724.5, 2025.9, 4074.9, 6042.0, 6149.1, 3843.8, 5964.7, 6105.2, 6055.4, 6236.0, 5862.3, 1673.0, 2231.3, 6129.4, 6121.7, 5870.3, 5463.1, 5312.0, 6647.5, 12648.8, 7366.7, 2207.1, 10532.4, 10094.7, 4035.1, 6073.1, 836.5, 518.8, 11153.5, 348.0, 5032.3, 4482.2, 7881.2, 7398.6, 4004.9, 742.8, 1870.4, 1648.7, 3366.0, 4921.5, 7300.6, 1352.8, 2788.8, 4040.1, 5688.7, 3323.8, 4697.6, 5115.8, 7909.3]
[1249.4, 1870.4, 1183.0, 232.0, 2575.6, 259.4, 1069.5, 624.7, 418.2, 1434.8, 478.3, 1296.9, 1577.8, 1547.6, 464.0, 1434.8, 591.5, 1100.5, 418.2, 492.1, 580.0, 348.0, 164.0, 0.0, 3609.1, 2645.2, 1975.4, 4203.3, 4026.7, 2025.9, 1724.5, 4293.6, 3856.0, 2678.1, 2346.0, 2088.0, 1975.4, 2907.0, 2865.0, 2786.4, 1888.3, 3155.5, 2504.1, 3411.7, 3748.1, 5252.1, 4293.6, 4681.9, 4681.9, 1975.4, 2252.3, 2853.2, 4512.1, 3283.0, 4006.6, 2971.0, 2831.9, 2422.2, 2348.8, 1888.3, 2065.3, 2132.6, 8275.9, 2533.5, 6059.8, 3890.8, 1434.8, 2391.4, 3856.0, 3317.7, 2909.3, 656.2, 1577.8, 1560.6, 3528.0, 2567.8, 1434.8, 2670.5, 1800.8, 2091.2, 4201.7, 6165.5, 6264.0, 3971.2, 6105.2, 6246.8, 6200.3, 6383.2, 5813.9, 1648.7, 2188.7, 6087.5, 5988.3, 5707.6, 5356.1, 5471.7, 6604.9, 12622.2, 7315.4, 2100.8, 10632.8, 10208.7, 3889.0, 6121.7, 676.4, 366.8, 10998.0, 259.4, 5187.7, 4618.2, 7717.3, 7234.9, 3913.2, 580.0, 1712.7, 1640.5, 3480.0, 4757.4, 7464.7, 1194.3, 2624.8, 4026.7, 5612.5, 3166.2, 4666.0, 5240.6, 7785.8]
[3321.7, 3601.6, 4640.0, 3448.9, 4756.0, 3535.6, 3684.7, 3897.7, 4020.0, 4518.0, 4026.7, 2413.8, 4158.2, 2438.8, 3297.3, 3123.4, 3134.1, 3268.6, 3550.8, 3116.9, 3225.1, 3372.0, 3612.8, 3609.1, 0.0, 1037.5, 1648.7, 705.6, 478.3, 1874.0, 1888.3, 820.2, 259.4, 1740.0, 2909.3, 2593.8, 2730.3, 1160.0, 1512.5, 2447.0, 2311.3, 1689.0, 1975.4, 3662.7, 4051.7, 6464.9, 5917.1, 5759.3, 6059.8, 4255.8, 3890.8, 5261.1, 5828.9, 4298.3, 6350.4, 4921.5, 4182.4, 5855.4, 5926.2, 5496.2, 5665.0, 5741.7, 8204.1, 5952.3, 9137.5, 6644.5, 4518.0, 4529.9, 5225.2, 5252.1, 5402.4, 3668.2, 4158.2, 3856.0, 4216.1, 3366.0, 3123.4, 2670.5, 2240.3, 1944.5, 3425.4, 4693.3, 4504.6, 3321.7, 8532.1, 8634.0, 8496.6, 8596.5, 9332.1, 5252.1, 5762.8, 9628.7, 4840.1, 6346.2, 3480.0, 7200.4, 3235.5, 9074.7, 10810.4, 5411.1, 8105.1, 8034.2, 3889.0, 9619.6, 3507.0, 3460.6, 10417.4, 3364.0, 7195.7, 7260.0, 8379.3, 8301.9, 7212.6, 3735.5, 4417.1, 5249.6, 2715.5, 5971.5, 8255.6, 4101.2, 4462.6, 478.3, 2900.0, 5437.2, 8243.3, 4026.7, 6028.7]
[2284.9, 2593.8, 3624.0, 2509.5, 3757.0, 2544.1, 2647.7, 3009.3, 3044.9, 3481.9, 3036.0, 1396.8, 3123.4, 1401.6, 2296.7, 2091.2, 2231.3, 2504.1, 2647.7, 2157.7, 2334.5, 2447.0, 2670.5, 2645.2, 1037.5, 0.0, 676.4, 1560.6, 1508.0, 844.5, 935.2, 1834.1, 1254.7, 935.2, 1985.6, 1624.0, 1743.9, 518.8, 820.2, 1660.9, 1296.9, 1160.0, 1100.5, 2909.3, 3321.7, 5656.7, 5021.6, 4955.5, 5209.7, 3235.5, 2909.3, 4254.2, 4982.6, 3435.2, 5367.4, 3950.8, 3256.3, 4827.6, 4989.3, 4529.9, 4676.1, 4768.7, 8392.2, 4922.8, 8107.6, 5626.9, 3706.6, 3945.7, 4895.4, 4768.7, 4778.6, 2803.3, 3435.2, 3166.2, 4006.6, 3011.5, 2447.0, 2438.8, 1628.1, 1434.8, 3609.1, 5194.2, 5088.2, 3448.9, 8004.8, 8120.0, 8007.4, 8133.2, 8306.8, 4268.4, 4760.2, 8607.5, 4600.7, 5655.5, 3448.9, 6847.9, 3994.8, 9978.7, 9780.5, 4377.4, 8968.8, 8807.6, 3223.0, 8734.0, 2482.5, 2460.7, 10129.3, 2391.4, 6763.9, 6648.5, 7731.2, 7562.3, 6175.3, 2718.0, 3382.0, 4277.9, 2793.6, 5148.6, 8196.7, 3064.7, 3487.7, 1396.8, 3250.1, 4446.0, 7234.9, 4409.5, 6055.4]
[1774.5, 2207.1, 2993.6, 1834.1, 3364.0, 1888.3, 2091.2, 2334.5, 2380.1, 2909.3, 2380.1, 778.2, 2617.1, 928.0, 1648.7, 1628.1, 1556.3, 1870.4, 1972.0, 1485.5, 1660.9, 1770.7, 1995.7, 1975.4, 1648.7, 676.4, 0.0, 2228.3, 2091.2, 580.0, 259.4, 2388.6, 1888.3, 1142.5, 1815.7, 1401.6, 1467.3, 1050.4, 1183.0, 1724.5, 991.1, 1547.6, 1160.0, 2900.0, 3317.7, 5514.6, 4782.8, 4829.0, 5025.6, 2793.6, 2575.6, 3835.0, 4806.7, 3274.8, 4988.0, 3612.8, 3011.5, 4217.7, 4315.4, 3863.0, 4020.0, 4104.5, 8202.4, 4317.0, 7600.4, 5168.2, 3044.9, 3372.0, 4439.9, 4233.6, 4177.6, 2132.6, 2805.7, 2554.6, 3640.6, 2593.8, 1859.6, 2138.9, 1142.5, 1069.5, 3507.0, 5256.0, 5211.0, 3317.7, 7427.6, 7548.0, 7446.6, 7583.6, 7689.3, 3609.1, 4114.3, 7983.0, 4928.3, 5631.7, 3913.2, 6358.9, 4668.9, 10653.1, 9172.8, 3787.4, 9282.9, 9039.8, 3285.1, 8057.6, 1870.4, 1812.0, 10370.8, 1724.5, 6236.0, 6042.0, 7722.5, 7471.0, 5606.5, 2091.2, 2869.7, 3612.8, 2670.5, 4997.4, 7858.1, 2498.7, 3151.3, 2052.2, 3856.0, 4060.0, 6594.7, 4409.5, 6501.2]
[3764.2, 3945.7, 5173.4, 4060.0, 5064.3, 4104.5, 4153.4, 4537.4, 4605.1, 4989.3, 4596.3, 2952.9, 4575.8, 2900.0, 3856.0, 3541.3, 3764.2, 3945.7, 4182.4, 3713.8, 3861.2, 3991.5, 4222.5, 4203.3, 705.6, 1560.6, 2228.3, 0.0, 676.4, 2320.0, 2482.5, 906.0, 464.0, 1982.2, 3155.5, 2909.3, 3062.5, 1453.5, 1724.5, 2593.8, 2705.6, 1755.4, 2240.3, 3712.0, 4066.6, 6505.3, 6059.8, 5804.6, 6149.1, 4618.2, 4182.4, 5580.1, 5917.1, 4432.4, 6613.0, 5178.6, 4391.2, 6358.9, 6542.4, 6089.7, 6236.0, 6329.2, 8734.0, 6450.3, 9504.9, 6979.3, 5187.7, 5234.2, 5917.1, 5956.8, 6105.2, 4317.0, 4847.1, 4549.2, 4894.0, 4066.6, 3815.7, 3364.0, 2934.6, 2645.2, 4006.6, 5088.2, 4845.7, 3925.2, 9237.1, 9338.5, 9199.9, 9298.1, 9838.1, 5828.9, 6316.4, 10145.2, 4477.7, 6279.0, 3036.0, 7891.4, 2533.5, 8429.8, 11300.3, 5893.2, 8130.8, 8164.6, 3856.0, 10267.1, 4026.7, 4020.0, 10028.5, 3950.8, 7895.7, 7964.4, 8255.6, 8258.8, 7660.4, 4268.4, 4834.6, 5838.2, 3348.0, 6033.1, 8878.4, 4571.3, 4733.3, 232.0, 2284.9, 5722.9, 8786.2, 4504.6, 5502.4]
[3792.7, 4079.8, 5084.2, 3856.0, 5234.2, 3967.8, 4150.1, 4277.9, 4441.5, 4981.3, 4456.6, 2865.0, 4631.3, 2909.3, 3735.5, 3597.9, 3528.0, 3603.5, 3940.6, 3535.6, 3612.8, 3773.1, 4020.0, 4026.7, 478.3, 1508.0, 2091.2, 676.4, 0.0, 2348.8, 2320.0, 348.0, 366.8, 2207.1, 3382.0, 3071.3, 3208.4, 1628.1, 1972.0, 2902.3, 2788.8, 2116.8, 2447.0, 4101.2, 4482.2, 6906.6, 6380.0, 6201.4, 6512.6, 4733.3, 4368.1, 5739.4, 6281.2, 4757.4, 6827.3, 5397.4, 4653.0, 6307.9, 6320.7, 5908.0, 6089.7, 6156.7, 8057.6, 6406.3, 9613.3, 7122.4, 4858.2, 4768.7, 5341.0, 5437.2, 5649.6, 4040.1, 4462.6, 4150.1, 4293.6, 3528.0, 3425.4, 2805.7, 2546.7, 2231.3, 3339.9, 4429.3, 4203.3, 3266.6, 8715.5, 8810.7, 8662.0, 8749.4, 9780.5, 5674.5, 6196.0, 10073.3, 5109.3, 6755.9, 3692.0, 7308.9, 3036.0, 8734.0, 11263.4, 5870.3, 7667.4, 7631.4, 4304.5, 9978.7, 3959.3, 3897.7, 10674.5, 3787.4, 7341.1, 7489.0, 8770.9, 8721.6, 7677.9, 4182.4, 4889.9, 5665.0, 2708.0, 6417.9, 8222.1, 4565.5, 4939.2, 492.1, 2957.4, 5914.9, 8678.3, 3829.8, 6177.5]
[1453.5, 1755.4, 2872.0, 1944.5, 2920.8, 1870.4, 1834.1, 2504.1, 2388.6, 2670.5, 2348.8, 733.6, 2284.9, 580.0, 1611.5, 1249.4, 1755.4, 2216.2, 2138.9, 1577.8, 1870.4, 1913.1, 2091.2, 2025.9, 1874.0, 844.5, 580.0, 2320.0, 2348.8, 0.0, 676.4, 2678.1, 2075.1, 696.0, 1249.4, 844.5, 935.2, 906.0, 844.5, 1160.0, 464.0, 1165.8, 624.7, 2320.0, 2737.7, 4955.5, 4254.2, 4265.3, 4477.7, 2391.4, 2088.0, 3413.6, 4255.8, 2715.5, 4537.4, 3132.0, 2479.8, 4040.1, 4360.4, 3861.2, 3967.8, 4086.4, 8777.0, 4130.6, 7264.6, 4782.8, 3281.0, 3776.7, 4935.1, 4670.4, 4537.4, 2346.0, 3134.1, 2920.8, 4182.4, 3123.4, 2279.0, 2708.0, 1673.0, 1640.5, 4086.4, 5818.5, 5759.3, 3897.7, 7803.1, 7929.7, 7841.8, 7990.5, 7518.6, 3573.5, 4026.7, 7827.2, 4417.1, 5053.7, 3497.4, 6823.3, 4600.7, 10652.4, 8980.8, 3573.5, 9761.2, 9555.8, 2708.0, 8144.8, 1724.5, 1770.7, 9816.9, 1766.9, 6668.7, 6381.1, 7144.1, 6902.7, 5352.4, 1975.4, 2544.1, 3603.5, 3250.1, 4439.9, 8398.6, 2252.3, 2668.0, 2188.7, 3601.6, 3612.8, 6480.4, 4981.3, 6052.0]
[1628.1, 2116.8, 2767.0, 1577.8, 3256.3, 1648.7, 1913.1, 2075.1, 2132.6, 2715.5, 2138.9, 591.5, 2460.7, 844.5, 1416.0, 1512.5, 1296.9, 1628.1, 1712.7, 1233.1, 1401.6, 1512.5, 1740.0, 1724.5, 1888.3, 935.2, 259.4, 2482.5, 2320.0, 676.4, 0.0, 2606.8, 2132.6, 1322.6, 1834.1, 1416.0, 1453.5, 1296.9, 1396.8, 1834.1, 997.9, 1755.4, 1296.9, 2957.4, 3372.0, 5501.1, 4733.3, 4824.8, 4997.4, 2668.0, 2504.1, 3712.0, 4782.8, 3268.6, 4877.5, 3528.0, 2973.3, 3999.9, 4060.0, 3612.8, 3776.7, 3856.0, 8124.1, 4101.2, 7427.6, 5021.6, 2788.8, 3151.3, 4265.3, 4026.7, 3944.0, 1874.0, 2562.5, 2320.0, 3507.0, 2447.0, 1640.5, 2052.2, 997.9, 997.9, 3481.9, 5282.8, 5261.1, 3283.0, 7200.4, 7322.7, 7225.6, 7366.7, 7464.7, 3364.0, 3876.9, 7754.7, 5088.2, 5663.8, 4119.2, 6166.6, 4928.3, 10909.6, 8952.3, 3581.0, 9396.0, 9122.1, 3364.0, 7798.8, 1660.9, 1577.8, 10491.4, 1476.4, 6028.7, 5804.6, 7754.7, 7471.9, 5407.4, 1870.4, 2708.0, 3364.0, 2647.7, 4982.6, 7722.5, 2311.3, 3071.3, 2302.5, 4101.2, 3950.8, 6358.9, 4417.1, 6695.9]
[4114.3, 4417.1, 5373.7, 4114.3, 5574.0, 4247.9, 4464.1, 4512.1, 4710.5, 5291.7, 4733.3, 3166.2, 4955.5, 3231.4, 4021.7, 3925.2, 3776.7, 3805.1, 4184.0, 3805.1, 3856.0, 4026.7, 4277.9, 4293.6, 820.2, 1834.1, 2388.6, 906.0, 348.0, 2678.1, 2606.8, 0.0, 705.6, 2554.6, 3728.3, 3413.6, 3548.9, 1975.4, 2320.0, 3250.1, 3123.4, 2460.7, 2793.6, 4446.0, 4824.8, 7251.6, 6728.0, 6546.6, 6859.7, 5067.0, 4710.5, 6077.6, 6628.3, 5105.3, 7170.5, 5741.7, 5000.1, 6604.9, 6562.0, 6165.5, 6358.9, 6416.8, 7888.0, 6705.0, 9941.5, 7457.5, 5057.7, 4889.9, 5367.4, 5514.6, 5773.3, 4268.4, 4635.6, 4317.0, 4298.3, 3601.6, 3603.5, 2869.7, 2737.7, 2413.8, 3235.5, 4190.5, 3940.6, 3185.3, 8782.4, 8872.3, 8715.5, 8793.1, 10071.3, 5942.1, 6473.2, 10359.8, 5382.4, 7091.2, 3940.6, 7322.7, 3016.0, 8563.6, 11558.7, 6175.3, 7325.5, 7304.3, 4642.9, 10184.9, 4259.0, 4182.4, 10934.2, 4060.0, 7382.2, 7593.3, 9098.4, 9059.9, 7989.7, 4476.2, 5213.6, 5926.2, 2670.5, 6763.9, 8130.8, 4877.5, 5282.8, 778.2, 3123.4, 6256.5, 8955.3, 3640.6, 6380.0]
[3528.0, 3778.5, 4873.4, 3699.3, 4924.2, 3776.7, 3899.4, 4153.4, 4265.3, 4734.7, 4268.4, 2645.2, 4358.9, 2647.7, 3535.6, 3321.7, 3387.9, 3528.0, 3805.1, 3364.0, 3480.0, 3624.0, 3863.0, 3856.0, 259.4, 1254.7, 1888.3, 464.0, 366.8, 2075.1, 2132.6, 705.6, 0.0, 1870.4, 3051.5, 2757.3, 2900.0, 1296.9, 1628.1, 2552.0, 2498.7, 1755.4, 2116.8, 3740.9, 4119.2, 6546.6, 6033.1, 5841.6, 6157.8, 4439.9, 4051.7, 5433.5, 5926.2, 4408.0, 6506.3, 5073.6, 4317.0, 6082.0, 6178.6, 5744.1, 5908.0, 5988.3, 8336.7, 6177.5, 9327.7, 6823.3, 4777.2, 4782.8, 5453.2, 5496.2, 5656.7, 3925.2, 4417.1, 4114.3, 4432.4, 3603.5, 3382.0, 2900.0, 2498.7, 2200.9, 3581.0, 4760.2, 4547.7, 3489.7, 8777.0, 8877.6, 8737.8, 8835.1, 9560.7, 5496.2, 6001.8, 9860.0, 4768.7, 6389.5, 3372.0, 7427.6, 2982.4, 8816.8, 11035.3, 5631.7, 8030.9, 7998.1, 3938.9, 9877.0, 3735.5, 3699.3, 10340.3, 3609.1, 7432.2, 7512.3, 8404.2, 8356.0, 7424.9, 3967.8, 4618.2, 5496.2, 2900.0, 6059.8, 8437.0, 4317.0, 4618.2, 232.0, 2715.5, 5599.3, 8480.7, 4130.6, 5889.8]
[1888.3, 1972.0, 3411.7, 2617.1, 3082.2, 2498.7, 2302.5, 3185.3, 3016.0, 3116.9, 2957.4, 1411.2, 2645.2, 1142.5, 2240.3, 1640.5, 2447.0, 2909.3, 2822.4, 2252.3, 2562.5, 2593.8, 2757.3, 2678.1, 1740.0, 935.2, 1142.5, 1982.2, 2207.1, 696.0, 1322.6, 2554.6, 1870.4, 0.0, 1183.0, 935.2, 1094.3, 580.0, 259.4, 733.6, 836.5, 478.3, 259.4, 1982.2, 2391.4, 4756.0, 4177.6, 4051.7, 4331.0, 2647.7, 2200.9, 3597.9, 4101.2, 2562.5, 4642.9, 3208.4, 2447.0, 4512.1, 4982.6, 4462.6, 4537.4, 4676.1, 9277.8, 4593.4, 7526.6, 4997.4, 3971.2, 4462.6, 5580.1, 5347.3, 5231.6, 3036.0, 3829.8, 3612.8, 4777.2, 3735.5, 2957.4, 3250.1, 2284.9, 2188.7, 4518.0, 6129.4, 6019.7, 4348.1, 8496.6, 8622.3, 8532.1, 8678.3, 7966.9, 4158.2, 4571.3, 8288.1, 3787.4, 4723.4, 2805.7, 7489.0, 4040.1, 10116.0, 9402.4, 4020.0, 9827.2, 9706.6, 2287.9, 8774.7, 2287.9, 2391.4, 9258.2, 2422.2, 7348.4, 7077.0, 6796.6, 6640.4, 5731.2, 2546.7, 2900.0, 4203.3, 3692.0, 4254.2, 8992.8, 2708.0, 2757.3, 1913.1, 2934.6, 3744.5, 6984.1, 5341.0, 5373.7]
[1165.8, 906.0, 2678.1, 2391.4, 1920.1, 2100.8, 1547.6, 2957.4, 2552.0, 2231.3, 2438.8, 1485.5, 1673.0, 1069.5, 1888.3, 928.0, 2391.4, 3009.3, 2645.2, 2091.2, 2498.7, 2422.2, 2479.8, 2346.0, 2909.3, 1985.6, 1815.7, 3155.5, 3382.0, 1249.4, 1834.1, 3728.3, 3051.5, 1183.0, 0.0, 418.2, 418.2, 1755.4, 1434.8, 656.2, 836.5, 1453.5, 935.2, 1160.0, 1560.6, 3706.6, 3036.0, 3016.0, 3235.5, 1560.6, 1037.5, 2438.8, 3011.5, 1467.3, 3460.6, 2025.9, 1276.0, 3603.5, 4391.2, 3826.2, 3815.7, 3999.9, 9941.5, 3668.2, 6381.1, 3840.3, 3776.7, 4569.9, 5889.8, 5501.1, 5211.0, 2900.0, 3815.7, 3686.5, 5259.8, 4190.5, 3185.3, 3876.9, 2793.6, 2831.9, 5312.0, 7067.4, 7007.2, 5115.8, 8442.5, 8581.6, 8525.8, 8700.0, 6976.4, 3489.7, 3792.7, 7311.7, 3642.5, 3829.8, 3123.4, 7680.6, 5009.5, 11073.6, 8372.9, 3088.7, 10953.9, 10783.6, 1611.5, 8144.8, 1740.0, 1985.6, 8793.1, 2138.9, 7453.8, 6961.9, 5920.5, 5655.5, 4681.9, 1975.4, 1902.5, 3573.5, 4476.2, 3191.6, 9442.4, 1874.0, 1577.8, 3095.3, 3668.2, 2567.8, 6082.0, 6225.2, 5453.2]
[1037.5, 1037.5, 2593.8, 2100.8, 2167.1, 1859.6, 1453.5, 2678.1, 2346.0, 2228.3, 2252.3, 1094.3, 1724.5, 676.4, 1624.0, 778.2, 2055.5, 2650.3, 2346.0, 1774.5, 2167.1, 2116.8, 2207.1, 2088.0, 2593.8, 1624.0, 1401.6, 2909.3, 3071.3, 844.5, 1416.0, 3413.6, 2757.3, 935.2, 418.2, 0.0, 164.0, 1467.3, 1194.3, 705.6, 418.2, 1312.4, 676.4, 1560.6, 1968.6, 4114.3, 3413.6, 3427.4, 3633.2, 1712.7, 1296.9, 2678.1, 3411.7, 1874.0, 3757.0, 2331.6, 1640.5, 3624.0, 4255.8, 3706.6, 3735.5, 3899.4, 9527.5, 3699.3, 6595.7, 4073.2, 3497.4, 4222.5, 5510.9, 5148.6, 4895.4, 2593.8, 3489.7, 3339.9, 4856.8, 3787.4, 2805.7, 3460.6, 2380.1, 2413.8, 4894.0, 6656.6, 6602.8, 4697.6, 8144.8, 8280.8, 8216.4, 8384.2, 7056.0, 3382.0, 3740.9, 7382.2, 3938.9, 4247.9, 3281.0, 7326.4, 4924.2, 11002.3, 8480.7, 3121.2, 10587.2, 10396.7, 1995.7, 8037.6, 1547.6, 1743.9, 9172.8, 1859.6, 7116.8, 6676.8, 6338.7, 6069.8, 4802.5, 1800.8, 1975.4, 3448.9, 4058.3, 3597.9, 9048.7, 1834.1, 1870.4, 2824.8, 3684.7, 2843.8, 6105.2, 5810.4, 5702.9]
[883.4, 883.4, 2438.8, 2002.5, 2025.9, 1740.0, 1296.9, 2575.6, 2216.2, 2065.3, 2116.8, 1069.5, 1560.6, 656.2, 1512.5, 624.7, 1982.2, 2593.8, 2252.3, 1689.0, 2091.2, 2025.9, 2100.8, 1975.4, 2730.3, 1743.9, 1467.3, 3062.5, 3208.4, 935.2, 1453.5, 3548.9, 2900.0, 1094.3, 418.2, 164.0, 0.0, 1615.7, 1352.8, 844.5, 478.3, 1476.4, 836.5, 1577.8, 1975.4, 4051.7, 3321.7, 3372.0, 3558.4, 1556.3, 1165.8, 2533.5, 3339.9, 1815.7, 3625.8, 2207.1, 1547.6, 3460.6, 4111.1, 3558.4, 3581.0, 3748.1, 9537.4, 3535.6, 6443.0, 3925.2, 3395.8, 4158.2, 5471.7, 5088.2, 4812.3, 2504.1, 3411.7, 3274.8, 4845.7, 3776.7, 2767.0, 3480.0, 2391.4, 2447.0, 4935.1, 6721.0, 6677.8, 4734.7, 8053.4, 8190.9, 8130.8, 8301.9, 6892.0, 3231.4, 3582.9, 7218.1, 4026.7, 4222.5, 3413.6, 7267.4, 5088.2, 11166.2, 8317.3, 2957.4, 10694.7, 10489.5, 2029.2, 7888.9, 1411.2, 1624.0, 9210.9, 1755.4, 7046.5, 6579.4, 6311.1, 6018.6, 4640.0, 1660.9, 1812.0, 3301.4, 4101.2, 3533.7, 9024.9, 1673.0, 1743.9, 2973.3, 3842.0, 2708.0, 5942.1, 5865.7, 5810.4]
[2320.0, 2498.7, 3776.7, 2803.3, 3633.2, 2767.0, 2718.0, 3339.9, 3283.0, 3550.8, 3250.1, 1611.5, 3123.4, 1476.4, 2509.5, 2091.2, 2567.8, 2920.8, 2973.3, 2438.8, 2678.1, 2757.3, 2957.4, 2907.0, 1160.0, 518.8, 1050.4, 1453.5, 1628.1, 906.0, 1296.9, 1975.4, 1296.9, 580.0, 1755.4, 1467.3, 1615.7, 0.0, 366.8, 1296.9, 1254.7, 656.2, 820.2, 2533.5, 2934.6, 5323.4, 4757.4, 4618.2, 4906.4, 3168.3, 2757.3, 4145.3, 4676.1, 3140.6, 5209.7, 3776.7, 3024.9, 4932.4, 5252.1, 4761.7, 4873.4, 4989.3, 8896.5, 5020.3, 8057.6, 5540.1, 4079.8, 4409.5, 5402.4, 5252.1, 5225.2, 3155.5, 3856.0, 3603.5, 4524.0, 3522.3, 2900.0, 2957.4, 2116.8, 1944.5, 4104.5, 5631.7, 5499.9, 3950.8, 8468.8, 8587.1, 8480.7, 8612.2, 8406.6, 4477.7, 4932.4, 8719.3, 4086.4, 5256.0, 2934.6, 7348.4, 3701.1, 9746.8, 9860.0, 4456.6, 9252.4, 9146.4, 2803.3, 9027.9, 2629.9, 2670.5, 9625.2, 2647.7, 7251.6, 7091.2, 7316.3, 7190.1, 6210.1, 2881.4, 3382.0, 4504.6, 3297.3, 4824.8, 8715.5, 3134.1, 3321.7, 1357.7, 2805.7, 4304.5, 7382.2, 4873.4, 5540.1]
[2132.6, 2231.3, 3642.5, 2788.8, 3339.9, 2698.1, 2544.1, 3348.0, 3216.8, 3364.0, 3166.2, 1577.8, 2900.0, 1352.8, 2438.8, 1888.3, 2593.8, 3016.0, 2982.4, 2422.2, 2708.0, 2757.3, 2934.6, 2865.0, 1512.5, 820.2, 1183.0, 1724.5, 1972.0, 844.5, 1396.8, 2320.0, 1628.1, 259.4, 1434.8, 1194.3, 1352.8, 366.8, 0.0, 935.2, 1069.5, 366.8, 518.8, 2167.1, 2567.8, 4959.6, 4408.0, 4254.2, 4547.7, 2907.0, 2458.0, 3856.0, 4317.0, 2786.4, 4895.4, 3460.6, 2690.6, 4757.4, 5187.7, 4676.1, 4761.7, 4894.0, 9210.1, 4840.1, 7785.8, 5256.0, 4119.2, 4547.7, 5612.5, 5416.1, 5337.3, 3185.3, 3945.7, 3713.8, 4772.9, 3748.1, 3036.0, 3223.0, 2311.3, 2179.4, 4429.3, 5988.3, 5862.3, 4268.4, 8596.5, 8719.3, 8622.3, 8762.4, 8217.2, 4377.4, 4802.5, 8536.8, 3799.8, 4889.9, 2730.3, 7540.0, 3805.1, 9877.0, 9655.9, 4268.4, 9613.3, 9512.7, 2438.8, 8977.1, 2509.5, 2593.8, 9312.6, 2606.8, 7418.6, 7192.9, 6952.3, 6823.3, 5987.2, 2767.0, 3155.5, 4417.1, 3612.8, 4462.6, 8980.1, 2952.9, 3011.5, 1660.9, 2757.3, 3999.9, 7225.6, 5220.0, 5322.1]
