20
0 29 82 46 68 52 72 42 51 55 29 74 23 72 46 29 31 76 39 33
29 0 55 46 42 43 43 23 23 31 41 51 11 52 21 41 23 36 21 25
82 55 0 68 46 55 23 43 41 43 77 36 51 58 40 60 30 29 56 59
46 46 68 0 82 15 72 31 62 42 21 51 51 43 64 14 62 47 58 46
68 42 46 82 0 74 23 52 21 46 82 50 57 23 67 72 30 46 63 48
52 43 55 15 74 0 61 23 55 31 33 37 37 38 51 16 59 47 50 32
72 43 23 72 23 61 0 42 23 31 77 37 51 46 41 65 25 46 51 47
42 23 43 31 52 23 42 0 33 15 37 33 33 31 17 40 23 31 27 22
51 23 41 62 21 55 23 33 0 29 62 46 29 51 32 59 19 46 41 30
55 31 43 42 46 31 31 15 29 0 51 21 41 23 37 33 33 31 27 36
29 41 77 21 82 33 77 37 62 51 0 65 42 59 61 35 62 66 60 60
74 51 36 51 50 37 37 33 46 21 65 0 61 11 55 37 48 39 48 51
23 11 51 51 57 37 51 33 29 41 42 61 0 62 23 52 33 47 32 36
72 52 58 43 23 38 46 31 51 23 59 11 62 0 35 37 48 25 40 42
46 21 40 64 67 51 41 17 32 37 61 55 23 35 0 64 26 44 33 35
29 41 60 14 72 16 65 40 59 33 35 37 52 37 64 0 59 35 53 38
31 23 30 62 30 59 25 23 19 33 62 48 33 48 26 59 0 44 30 31
76 36 29 47 46 47 46 31 46 31 66 39 47 25 44 35 44 0 31 34
39 21 56 58 63 50 51 27 41 27 60 48 32 40 33 53 30 31 0 25
33 25 59 46 48 32 47 22 30 36 60 51 36 42 35 38 31 34 25 0
